function Klm = KLM_Scalar_2D_ele(x1,x2,x3,y1,y2,y3)
%KLM_SCALAR_2D_ELE
%    KLM = KLM_SCALAR_2D_ELE(X1,X2,X3,Y1,Y2,Y3)

%    This function was generated by the Symbolic Math Toolbox version 7.0.
%    30-Nov-2024 18:33:40

t2 = x1.*y2;
t3 = x3.*y1;
t4 = x2.*y3;
t9 = x2.*y1;
t10 = x1.*y3;
t11 = x3.*y2;
t5 = t2+t3+t4-t9-t10-t11;
t6 = 1.0./t5;
t7 = x3.^2;
t8 = y3.^2;
t12 = x1.*x2;
t13 = y1.*y2;
t14 = x2.^2;
t15 = y2.^2;
t16 = x2.*x3;
t17 = y2.*y3;
t18 = x1.^2;
t19 = y1.^2;
t20 = x1.*x3;
t21 = y1.*y3;
t22 = t12+t13-t16-t17-t18-t19+t20+t21;
t23 = t6.*t22.*(1.0./2.0);
Klm = reshape([t6.*(t7+t8+t14+t15-x2.*x3.*2.0-y2.*y3.*2.0).*(1.0./2.0),t6.*(t7+t8+t12+t13-t16-t17-x1.*x3-y1.*y3).*(-1.0./2.0),t6.*(t12+t13-t14-t15+t16+t17-t20-t21).*(1.0./2.0),t6.*(t7+t8+t12+t13-x1.*x3-x2.*x3-y1.*y3-y2.*y3).*(-1.0./2.0),t6.*(t7+t8+t18+t19-x1.*x3.*2.0-y1.*y3.*2.0).*(1.0./2.0),t23,t6.*(t12+t13-t14-t15+t16+t17-x1.*x3-y1.*y3).*(1.0./2.0),t23,t6.*(t14+t15+t18+t19-x1.*x2.*2.0-y1.*y2.*2.0).*(1.0./2.0)],[3,3]);
